5 
3 
2 58747
1 33626
2 98509
2 79395
2 67830
5 
4 
5 
5 
4 
5 
2 8345
2 89703
5 
5 
1 8362
5 
3 
5 
3 
1 14947
3 
5 
3 
2 5822
5 
2 88606
2 15428
4 
1 34189
1 37026
1 75786
4 
4 
2 29883
4 
4 
1 98576
3 
5 
2 61956
4 
5 
5 
5 
4 
5 
1 74159
4 
3 
2 98682
1 13093
2 53673
4 
4 
4 
3 
1 33425
2 36985
2 91862
1 88969
3 
5 
3 
2 75075
1 87671
2 98778
3 
5 
4 
1 97877
2 87608
2 22212
4 
5 
2 95516
3 
4 
1 21230
2 37459
2 9879
2 38964
2 28842
4 
4 
2 72845
5 
4 
5 
4 
3 
1 63532
3 
4 
4 
3 
5 
1 2057
0
