2 16135
3 
5 
4 
1 42128
3 
5 
5 
3 
4 
5 
2 4246
5 
5 
3 
4 
1 36176
2 62258
5 
5 
5 
5 
2 41911
4 
2 14931
5 
4 
1 12088
2 90805
3 
5 
5 
4 
1 74328
2 1193
2 20138
1 5772
3 
5 
5 
3 
5 
5 
2 24606
5 
2 9038
3 
4 
5 
2 11244
2 35859
5 
3 
1 72390
3 
5 
1 44561
2 33141
5 
3 
5 
5 
3 
4 
4 
2 66910
5 
2 54162
3 
3 
1 99555
5 
1 8569
1 25159
5 
5 
2 54831
1 32848
2 75982
1 52219
5 
4 
1 70347
3 
3 
2 35370
3 
2 94247
4 
4 
2 78128
1 43245
4 
3 
3 
5 
2 1643
1 33953
4 
3 
3 
5 
5 
4 
5 
3 
3 
5 
2 48325
3 
2 28586
3 
1 30647
4 
4 
1 6152
4 
1 8364
4 
1 61395
5 
2 27258
5 
1 11146
3 
4 
3 
5 
4 
1 67297
5 
3 
5 
4 
2 35445
4 
5 
4 
5 
1 3819
2 79439
5 
4 
5 
3 
5 
3 
3 
2 58701
4 
4 
4 
5 
4 
4 
1 49208
3 
1 91594
1 41963
5 
5 
2 69167
2 32412
3 
1 63176
4 
5 
2 9449
4 
2 78905
1 12377
5 
1 64832
1 53816
3 
3 
5 
5 
4 
2 9704
3 
2 88336
5 
5 
5 
1 88140
4 
5 
1 52472
2 45753
2 33900
1 62213
4 
1 48798
2 82868
3 
2 26114
5 
4 
3 
0
